x=10;
y=1:10;
z=1:0.01:10;